%YAML:1.0
---
cameraMatrix1 - Left camera intrinsics: !!opencv-matrix
   rows: 3
   cols: 3
   dt: d
   data: [ 2.3506469062201104e+03, 0., 1.2567173614715402e+03, 0.,
       2.3535790124681530e+03, 1.0378286465128174e+03, 0., 0., 1. ]
distCoeffs1 - Left camera distortion coefficients: !!opencv-matrix
   rows: 1
   cols: 5
   dt: d
   data: [ -1.4144541588764731e-01, 1.2560532857688292e-01,
       -9.5059458472179315e-04, 2.2887633833921939e-03,
       -7.4174268764498244e-02 ]
cameraMatrix2 - Right camera intrinsics: !!opencv-matrix
   rows: 3
   cols: 3
   dt: d
   data: [ 2.3759938803811556e+03, 0., 1.2946570143260574e+03, 0.,
       2.3713057234949192e+03, 1.0288543383082240e+03, 0., 0., 1. ]
distCoeffs2 - Right camera distortion coefficients: !!opencv-matrix
   rows: 1
   cols: 5
   dt: d
   data: [ -1.4008824876632966e-01, 6.1459761387617266e-02,
       -1.6478235903624356e-04, 4.2206665880523530e-03,
       3.4704942128852292e-02 ]
Rotation Matrix: !!opencv-matrix
   rows: 3
   cols: 3
   dt: d
   data: [ 9.6510700286964746e-01, 3.4690915801047530e-02,
       2.5954770924215637e-01, -3.2018152532648191e-02,
       9.9938181857893937e-01, -1.4519593735641195e-02,
       -2.5989095967417258e-01, 5.7027234490747911e-03,
       9.6562113068475308e-01 ]
Translation Vector: !!opencv-matrix
   rows: 3
   cols: 1
   dt: d
   data: [ -1.8083591314661007e+02, 4.1079287430214659e+00,
       3.3005510285853667e+01 ]
Essential Matrix: !!opencv-matrix
   rows: 3
   cols: 3
   dt: d
   data: [ -1.0838080546614837e-02, -3.2961680511032370e+01,
       4.4459293979969061e+00, -1.5143769901064257e+01,
       2.1762485806331835e+00, 1.8318548350810119e+02,
       1.8254410533293557e+00, -1.8086663155498317e+02,
       1.5594604967212424e+00 ]
Fundamental Matrix: !!opencv-matrix
   rows: 3
   cols: 3
   dt: d
   data: [ 1.5420828788384608e-10, 4.6840691954392913e-07,
       -6.3501797502247875e-04, 2.1589725048960331e-07,
       -3.0987049476935007e-08, -6.3780767607254461e-03,
       -2.8403830632533448e-04, 5.5323114920555133e-03, 1. ]
